0 0.028942 0.264783 0.057883 0.084867
0 0.020554 0.138133 0.041108 0.068433
0 0.127946 0.234192 0.074342 0.113150
0 0.065125 0.050317 0.130250 0.100633
0 0.123346 0.314125 0.043425 0.074350
0 0.020717 0.335508 0.041433 0.053950
0 0.114463 0.363792 0.061842 0.055250
0 0.211337 0.168400 0.101642 0.134200
0 0.223013 0.297675 0.040792 0.080917
0 0.263475 0.346025 0.038817 0.056583
0 0.215775 0.375958 0.023683 0.061183
0 0.436337 0.138133 0.133875 0.172367
0 0.871204 0.834842 0.145725 0.176317
0 0.676800 0.182208 0.106250 0.153950
0 0.754263 0.053608 0.148025 0.107217
0 0.841929 0.162142 0.091775 0.116450
0 0.966771 0.090775 0.066458 0.181550
0 0.981583 0.333525 0.036833 0.048683
0 0.987496 0.379908 0.025008 0.050650
0 0.739296 0.344717 0.047042 0.052633
0 0.034200 0.370375 0.055267 0.065783
0 0.838638 0.355892 0.051642 0.046050
0 0.938308 0.233533 0.108883 0.100000
0 0.904592 0.312808 0.071050 0.069083
0 0.923346 0.369058 0.055925 0.048683
