0 0.037312 0.676950 0.074625 0.125000
0 0.071008 0.280633 0.074350 0.075667
0 0.096829 0.213200 0.055592 0.093433
0 0.117062 0.110575 0.104608 0.126317
0 0.150775 0.040483 0.121383 0.080967
0 0.207192 0.310900 0.065133 0.069067
0 0.246663 0.264842 0.063158 0.091450
0 0.319367 0.326358 0.052633 0.068417
0 0.301275 0.174717 0.087500 0.107233
0 0.370350 0.100042 0.109867 0.115783
0 0.435812 0.218467 0.056575 0.090800
0 0.369200 0.277342 0.050333 0.071717
0 0.403575 0.340833 0.053950 0.055267
0 0.475942 0.355633 0.047367 0.051967
0 0.531867 0.323400 0.048683 0.053300
0 0.535154 0.370433 0.042108 0.047367
0 0.538771 0.253000 0.056575 0.074333
0 0.531700 0.124383 0.097033 0.134200
0 0.643542 0.060875 0.095717 0.121750
0 0.648475 0.191158 0.071383 0.091450
0 0.617225 0.271758 0.062167 0.084217
0 0.689100 0.296100 0.048033 0.067100
0 0.727096 0.225375 0.039142 0.074350
0 0.763279 0.124050 0.100992 0.140133
0 0.915417 0.197742 0.057900 0.075650
0 0.970700 0.213858 0.058600 0.085517
0 0.842225 0.160892 0.077300 0.091450
0 0.856538 0.262875 0.053292 0.078283
0 0.800779 0.238525 0.052958 0.094083
