0 0.985933 0.273333 0.028133 0.072000
0 0.950171 0.179542 0.099658 0.117483
0 0.881662 0.111958 0.064142 0.131583
0 0.746521 0.060358 0.157892 0.120717
0 0.799700 0.261617 0.069083 0.083333
0 0.877825 0.299450 0.071817 0.092100
0 0.757758 0.333725 0.080050 0.082783
0 0.700192 0.193367 0.087167 0.109100
0 0.688271 0.311517 0.057842 0.063600
0 0.648658 0.358933 0.041667 0.056467
0 0.378233 0.066667 0.100600 0.133333
0 0.112746 0.020892 0.106358 0.041783
0 0.056100 0.078233 0.112200 0.151867
0 0.571083 0.131417 0.114033 0.133233
0 0.593696 0.245725 0.071542 0.094283
0 0.591363 0.324125 0.049342 0.067983
0 0.581083 0.373192 0.050167 0.050983
0 0.470888 0.179383 0.095675 0.103067
0 0.493775 0.292325 0.036183 0.072383
0 0.514338 0.343583 0.046058 0.069633
0 0.486375 0.401975 0.048250 0.100883
0 0.445121 0.441450 0.030425 0.039467
0 0.373300 0.323583 0.033717 0.062500
0 0.421550 0.337008 0.060033 0.145283
0 0.401808 0.424458 0.033717 0.058117
0 0.331496 0.229008 0.040575 0.081683
0 0.299837 0.149517 0.092375 0.120033
0 0.062579 0.204608 0.091008 0.153517
0 0.026629 0.315075 0.053258 0.147483
0 0.126592 0.304392 0.050717 0.066883
0 0.136733 0.350442 0.040850 0.044950
0 0.191554 0.285475 0.051808 0.082783
0 0.236104 0.270942 0.045508 0.076750
0 0.244187 0.205700 0.082508 0.111833
0 0.231167 0.335358 0.027417 0.049883
0 0.297896 0.317542 0.043625 0.076750
0 0.203067 0.366617 0.028783 0.047700
0 0.190596 0.385808 0.023575 0.042217
0 0.153867 0.404717 0.047700 0.072367
0 0.130975 0.456525 0.040300 0.044417
0 0.090817 0.386625 0.045500 0.096483
0 0.086017 0.452683 0.038650 0.047700
0 0.050796 0.384708 0.033442 0.040017
0 0.034621 0.432133 0.028508 0.092100
0 0.283662 0.373467 0.032625 0.051533
0 0.320533 0.353725 0.030700 0.055917
0 0.340683 0.359208 0.028233 0.059217
0 0.329579 0.398683 0.032342 0.031800
0 0.351233 0.433500 0.059217 0.058667
0 0.245971 0.400883 0.039475 0.042767
0 0.196904 0.439800 0.063592 0.081133
0 0.277492 0.448025 0.098683 0.064683
