0 0.144271 0.697650 0.050158 0.041667
0 0.931971 0.621025 0.054058 0.060150
0 0.889612 0.626350 0.037125 0.056333
0 0.852588 0.623308 0.040742 0.060150
0 0.816417 0.624258 0.038450 0.055217
0 0.771300 0.631492 0.053300 0.064350
0 0.774825 0.701167 0.047400 0.075000
0 0.772350 0.762083 0.035600 0.050633
0 0.489363 0.614750 0.069408 0.072300
0 0.496854 0.683342 0.024192 0.039750
0 0.548829 0.705950 0.029492 0.057567
0 0.541187 0.632175 0.030608 0.066250
0 0.584008 0.628050 0.046850 0.054367
0 0.656521 0.628058 0.027408 0.048883
0 0.682804 0.623025 0.025158 0.059850
0 0.627296 0.630800 0.036575 0.037000
0 0.595550 0.726742 0.038833 0.045217
0 0.632333 0.771742 0.035633 0.052083
0 0.631417 0.703667 0.021933 0.053000
0 0.670583 0.679917 0.023500 0.032900
0 0.138792 0.639833 0.107183 0.083933
0 0.203896 0.718775 0.038375 0.069683
0 0.214583 0.641725 0.050983 0.070183
0 0.261458 0.629933 0.043867 0.059767
0 0.369054 0.743700 0.046325 0.041667
0 0.368912 0.690517 0.029058 0.037267
0 0.385637 0.620908 0.061408 0.074617
0 0.311350 0.643092 0.055917 0.061950
0 0.350000 0.625550 0.026317 0.060867
