0 0.300350 0.476492 0.032567 0.182883
0 0.324529 0.542608 0.078942 0.061183
0 0.384892 0.468592 0.058883 0.301317
0 0.481600 0.346225 0.247700 0.064483
0 0.589163 0.453133 0.055592 0.301967
0 0.649854 0.521892 0.073025 0.053950
0 0.679954 0.467933 0.023358 0.155267
0 0.657754 0.570900 0.023025 0.034867
0 0.594758 0.642942 0.081250 0.115783
0 0.735829 0.697092 0.137375 0.161050
0 0.816117 0.670567 0.183317 0.217900
0 0.952067 0.682400 0.094267 0.162000
0 0.752646 0.412408 0.102792 0.332517
0 0.810671 0.337567 0.107058 0.465167
0 0.138346 0.568133 0.029608 0.054600
0 0.174692 0.490175 0.070067 0.121050
0 0.246567 0.570108 0.026317 0.142750
0 0.069996 0.697742 0.139992 0.224350
0 0.076079 0.347225 0.152158 0.475583
