0 0.799442 0.687142 0.059683 0.202750
0 0.040196 0.757250 0.080392 0.352433
0 0.140550 0.690933 0.047367 0.180000
0 0.226050 0.677200 0.038367 0.184733
0 0.355367 0.703717 0.030783 0.163900
0 0.605708 0.703250 0.041683 0.178100
0 0.719154 0.703725 0.041208 0.156317
0 0.871683 0.704200 0.050683 0.157267
0 0.968408 0.674358 0.063183 0.190417
0 0.159404 0.836933 0.163025 0.157100
0 0.259467 0.825492 0.038683 0.181583
0 0.298546 0.811275 0.045792 0.202117
0 0.600913 0.840883 0.076575 0.147633
0 0.638017 0.844033 0.038683 0.135000
0 0.665454 0.807333 0.055658 0.200533
0 0.709662 0.845225 0.051708 0.131050
0 0.794729 0.832192 0.129475 0.141317
0 0.889071 0.847200 0.069475 0.119200
0 0.955392 0.838508 0.089217 0.153950
0 0.329363 0.840500 0.040792 0.127633
0 0.381487 0.816825 0.066808 0.196050
