0 0.168262 0.193300 0.284442 0.386600
0 0.048492 0.411150 0.096983 0.425633
0 0.170246 0.570758 0.340492 0.586617
0 0.276717 0.598042 0.182117 0.379250
0 0.414842 0.640342 0.150067 0.398350
0 0.392333 0.908158 0.169167 0.183683
0 0.403250 0.112808 0.184167 0.225617
0 0.407683 0.346350 0.187583 0.274200
0 0.577867 0.302008 0.203267 0.540217
0 0.742933 0.276083 0.156883 0.444733
0 0.891633 0.413192 0.185533 0.336950
0 0.951617 0.315650 0.096767 0.311033
0 0.854417 0.072567 0.291167 0.145133
0 0.749371 0.745133 0.501258 0.509733
