0 0.948650 0.742108 0.102700 0.476117
0 0.737342 0.314425 0.194400 0.212817
0 0.847342 0.304783 0.052867 0.105733
0 0.157508 0.293150 0.123550 0.142900
0 0.291321 0.392225 0.171708 0.221050
0 0.361783 0.552492 0.082100 0.108950
0 0.257175 0.513017 0.107367 0.115267
0 0.127900 0.549325 0.176450 0.161050
0 0.093654 0.844533 0.187308 0.310933
0 0.238229 0.657483 0.157108 0.192633
0 0.247704 0.866300 0.119208 0.131833
0 0.344017 0.704458 0.053683 0.210783
0 0.392179 0.726958 0.061575 0.129483
0 0.671850 0.541433 0.131450 0.162633
0 0.822437 0.595908 0.144475 0.268417
0 0.644892 0.725967 0.058550 0.150000
0 0.726796 0.762475 0.139475 0.301983
0 0.780250 0.808533 0.058883 0.220400
0 0.848017 0.841092 0.100333 0.240783
