0 0.074283 0.825842 0.081950 0.288950
0 0.377679 0.821575 0.062525 0.282317
0 0.436638 0.829592 0.055442 0.271817
0 0.491596 0.768208 0.066792 0.463583
0 0.942258 0.717367 0.115483 0.454733
0 0.869125 0.550150 0.145417 0.232100
0 0.626125 0.852358 0.050683 0.131683
0 0.705229 0.786050 0.219308 0.234000
0 0.709017 0.479575 0.158683 0.289883
0 0.586333 0.557258 0.099950 0.193250
0 0.541333 0.733475 0.055417 0.437683
0 0.420308 0.363992 0.151583 0.668850
0 0.199808 0.088783 0.308367 0.171467
0 0.086358 0.612208 0.119367 0.524850
0 0.032287 0.787975 0.064575 0.264383
