0 0.661563 0.582767 0.145975 0.293300
0 0.847150 0.723517 0.305700 0.552967
0 0.163712 0.168175 0.159158 0.160117
0 0.284971 0.336842 0.121275 0.565650
0 0.030462 0.657492 0.060925 0.250117
0 0.096925 0.598758 0.072950 0.388417
0 0.068504 0.763600 0.049258 0.204633
0 0.212029 0.807175 0.043575 0.276617
0 0.272425 0.761225 0.073417 0.432950
0 0.339213 0.739917 0.061108 0.443367
0 0.421162 0.914225 0.048792 0.140217
0 0.531058 0.864742 0.231633 0.270517
0 0.516846 0.480333 0.168158 0.341067
0 0.387767 0.567492 0.104217 0.198950
