0 0.606162 0.474175 0.061958 0.090950
0 0.142346 0.877842 0.087308 0.133683
0 0.220446 0.875800 0.071625 0.129600
0 0.487487 0.797358 0.068208 0.114583
0 0.600721 0.766667 0.060025 0.110500
0 0.687346 0.751650 0.060025 0.091400
0 0.861954 0.712908 0.046042 0.068217
0 0.875596 0.682783 0.050592 0.071633
0 0.132954 0.350258 0.067075 0.188717
0 0.327638 0.500325 0.073325 0.102317
0 0.522888 0.484408 0.067075 0.111417
0 0.765321 0.466217 0.051725 0.075033
0 0.805675 0.450300 0.048317 0.072767
0 0.521467 0.705517 0.079017 0.208033
0 0.586267 0.661750 0.076733 0.225100
0 0.646804 0.693583 0.052292 0.159167
0 0.728942 0.540683 0.069917 0.108000
0 0.821592 0.556025 0.069917 0.104583
0 0.439329 0.584442 0.081858 0.125050
0 0.253454 0.611167 0.105725 0.142100
0 0.462917 0.358783 0.097200 0.153467
0 0.667550 0.353100 0.092650 0.105733
0 0.857121 0.350258 0.050025 0.136417
0 0.305183 0.255333 0.287617 0.192133
0 0.767592 0.276925 0.163133 0.146650
