0 0.049883 0.367308 0.045000 0.117483
0 0.167362 0.463942 0.064892 0.081483
0 0.096308 0.524100 0.070583 0.091900
0 0.233437 0.543525 0.074842 0.098517
0 0.047279 0.678992 0.081475 0.090950
0 0.270388 0.718308 0.069158 0.105150
0 0.375546 0.739625 0.075792 0.117483
0 0.506517 0.769000 0.086683 0.109900
0 0.471942 0.690842 0.094267 0.158217
0 0.399229 0.628783 0.105158 0.168633
0 0.314912 0.651525 0.082425 0.153483
0 0.589650 0.562000 0.093783 0.114633
0 0.785754 0.604625 0.103258 0.122217
0 0.853963 0.838625 0.092842 0.120317
0 0.943258 0.822042 0.092367 0.138317
0 0.936150 0.727792 0.057317 0.072950
0 0.926204 0.325625 0.078158 0.142117
0 0.732704 0.261208 0.310742 0.187583
0 0.566438 0.351675 0.062525 0.108950
0 0.499650 0.349308 0.052100 0.090950
0 0.706179 0.480042 0.093792 0.102317
0 0.448496 0.468675 0.063475 0.102317
0 0.351625 0.465367 0.064900 0.078633
0 0.282229 0.357833 0.076742 0.108000
0 0.166650 0.305258 0.167683 0.129783
