0 0.429050 0.592200 0.082500 0.240000
0 0.254175 0.719300 0.123550 0.364733
0 0.383254 0.763517 0.145658 0.197367
0 0.630558 0.705883 0.089217 0.132633
0 0.808983 0.650225 0.068683 0.172883
0 0.915362 0.641933 0.060392 0.071067
0 0.330167 0.316667 0.041050 0.137367
0 0.308850 0.534175 0.064733 0.226583
0 0.364900 0.578383 0.055267 0.139733
0 0.496154 0.334433 0.036708 0.073433
0 0.575496 0.526675 0.118025 0.206850
0 0.702796 0.654567 0.056842 0.200533
0 0.733588 0.487200 0.026842 0.227367
0 0.818058 0.480883 0.104217 0.175267
