0 0.134733 0.510642 0.018917 0.185850
0 0.923658 0.658392 0.069350 0.256583
0 0.884458 0.497750 0.049617 0.310300
0 0.814146 0.706092 0.110192 0.129383
0 0.563188 0.689642 0.078125 0.110750
0 0.673383 0.596983 0.037000 0.217100
0 0.747671 0.571492 0.041392 0.282350
0 0.550850 0.513375 0.038650 0.158450
0 0.501917 0.562442 0.058117 0.348683
0 0.366642 0.647967 0.071550 0.175433
0 0.375962 0.517492 0.026042 0.206150
0 0.294271 0.627683 0.057842 0.178733
0 0.069225 0.608817 0.047950 0.138633
0 0.111842 0.653175 0.055917 0.093750
0 0.233142 0.664142 0.071550 0.094850
