0 0.232633 0.239792 0.335367 0.128850
0 0.068950 0.685058 0.137900 0.284217
0 0.251583 0.873583 0.203683 0.227367
0 0.454554 0.874100 0.192792 0.216867
0 0.657529 0.869792 0.193258 0.234950
0 0.850083 0.862692 0.170050 0.230217
0 0.967554 0.875475 0.064892 0.233050
0 0.976317 0.687900 0.047367 0.316433
0 0.874242 0.643842 0.134050 0.215050
0 0.415950 0.646217 0.060633 0.212200
0 0.508317 0.648117 0.077683 0.214100
0 0.109713 0.320325 0.094258 0.282317
0 0.414763 0.314642 0.065842 0.267150
0 0.509504 0.317958 0.062058 0.277583
0 0.655633 0.244533 0.331583 0.130733
0 0.848425 0.320317 0.071050 0.263367
