0 0.480008 0.274033 0.063950 0.199733
0 0.080137 0.694833 0.105792 0.225000
0 0.192837 0.599700 0.130658 0.277900
0 0.334742 0.701150 0.168950 0.177633
0 0.501521 0.703908 0.167758 0.189483
0 0.667704 0.701933 0.162242 0.166567
0 0.825204 0.701542 0.151192 0.157883
0 0.945992 0.693642 0.095917 0.173683
0 0.849679 0.533783 0.105392 0.182367
0 0.934150 0.523908 0.062767 0.172117
0 0.517904 0.526275 0.129475 0.161050
0 0.549879 0.273683 0.055258 0.187967
0 0.693954 0.223117 0.247892 0.085267
0 0.822442 0.274033 0.056450 0.199733
0 0.229150 0.273650 0.065917 0.210000
0 0.352704 0.221542 0.203292 0.096317
