0 0.864875 0.848625 0.037500 0.143683
0 0.052192 0.494467 0.077367 0.167367
0 0.219167 0.582883 0.117633 0.205267
0 0.408046 0.482617 0.130658 0.176833
0 0.535546 0.626300 0.075392 0.154733
0 0.474162 0.689858 0.058425 0.138150
0 0.534167 0.811833 0.102633 0.159467
0 0.469633 0.866692 0.066733 0.123950
0 0.518375 0.953675 0.079733 0.092650
0 0.824612 0.816250 0.045392 0.208433
0 0.944196 0.574700 0.073058 0.159400
0 0.782967 0.520192 0.119217 0.181583
0 0.926650 0.768092 0.092367 0.140517
0 0.318362 0.811508 0.148425 0.156317
