0 0.611292 0.573342 0.026500 0.041617
0 0.613237 0.445425 0.024442 0.057150
0 0.119012 0.425325 0.019642 0.045283
0 0.194508 0.447225 0.050483 0.070817
0 0.273892 0.409100 0.040667 0.055700
0 0.307929 0.492025 0.029242 0.050750
0 0.330542 0.461183 0.026500 0.065733
0 0.304163 0.554842 0.029925 0.052950
0 0.330775 0.538142 0.045683 0.055283
0 0.328258 0.593450 0.035183 0.041533
0 0.465550 0.429642 0.057567 0.087717
0 0.544362 0.445167 0.032892 0.053000
0 0.497988 0.547533 0.021925 0.085933
0 0.520604 0.548908 0.024208 0.090417
0 0.558408 0.531292 0.023067 0.063517
