0 0.869983 0.775217 0.087450 0.179267
0 0.855046 0.553733 0.100325 0.170500
0 0.956333 0.597867 0.061683 0.092100
0 0.096346 0.506800 0.138125 0.184167
0 0.329967 0.603433 0.157450 0.193267
0 0.529479 0.510783 0.121075 0.139833
0 0.404929 0.830533 0.156708 0.124733
0 0.528875 0.753958 0.177233 0.113683
0 0.622033 0.838833 0.091183 0.112900
0 0.692296 0.790667 0.083292 0.127100
0 0.672954 0.921325 0.087242 0.113683
0 0.620258 0.692775 0.073417 0.112883
0 0.652233 0.592908 0.060000 0.082117
0 0.682429 0.645800 0.042242 0.094733
