0 0.534858 0.400242 0.077633 0.059217
0 0.732417 0.675958 0.085267 0.090950
0 0.760842 0.370642 0.171050 0.128950
0 0.300150 0.364058 0.182567 0.115783
0 0.188971 0.414717 0.029275 0.265800
0 0.108871 0.553200 0.155258 0.174333
0 0.179100 0.651225 0.095717 0.151983
0 0.283704 0.665367 0.070725 0.092100
0 0.385679 0.697275 0.037175 0.069083
0 0.423838 0.699583 0.029275 0.055267
0 0.460187 0.695967 0.026975 0.070400
0 0.495713 0.683458 0.032242 0.088817
0 0.600483 0.675900 0.036517 0.086833
0 0.638312 0.573267 0.079275 0.165800
0 0.487488 0.523267 0.032892 0.260533
0 0.585512 0.523925 0.032892 0.255250
0 0.402292 0.445967 0.035533 0.284867
0 0.445054 0.434783 0.030925 0.049333
0 0.631404 0.438392 0.033225 0.046050
0 0.335317 0.545825 0.104850 0.063050
0 0.448625 0.631667 0.052900 0.097100
0 0.662967 0.374692 0.034733 0.186317
