0 0.619496 0.582150 0.024008 0.136833
0 0.192358 0.410767 0.034867 0.292767
0 0.192242 0.631275 0.076183 0.153150
0 0.417521 0.431492 0.047692 0.285517
0 0.311650 0.651408 0.067900 0.092383
0 0.443975 0.688317 0.028350 0.062600
0 0.480413 0.687183 0.023092 0.066700
0 0.519800 0.672325 0.028783 0.089083
0 0.466704 0.637375 0.050925 0.096850
0 0.619417 0.667767 0.042467 0.091833
0 0.087442 0.577592 0.134217 0.247883
0 0.674100 0.380508 0.036517 0.208550
0 0.724267 0.275567 0.100000 0.050000
0 0.594329 0.523925 0.042758 0.283550
0 0.496471 0.515042 0.037175 0.264483
0 0.542029 0.393333 0.080258 0.063167
0 0.646142 0.505500 0.078617 0.042767
0 0.677721 0.574250 0.031908 0.161833
