0 0.803275 0.699975 0.046383 0.091450
0 0.912400 0.888958 0.055267 0.179217
0 0.831088 0.838042 0.026842 0.088417
0 0.855954 0.844783 0.030792 0.098767
0 0.885758 0.844358 0.031183 0.101050
0 0.548850 0.860933 0.056050 0.134200
0 0.560888 0.771333 0.069875 0.157100
0 0.575692 0.655667 0.070267 0.140533
0 0.234838 0.671458 0.060392 0.113683
0 0.271742 0.670667 0.036317 0.085267
0 0.307663 0.668700 0.044208 0.095533
0 0.335692 0.631200 0.034733 0.072633
0 0.362925 0.649358 0.026050 0.050517
0 0.387008 0.704625 0.041050 0.108950
0 0.409704 0.665150 0.030392 0.064733
0 0.438912 0.652117 0.038292 0.062367
0 0.480167 0.641067 0.041050 0.079733
0 0.504242 0.599225 0.057633 0.100250
0 0.823675 0.777283 0.068750 0.072367
0 0.864792 0.709517 0.081250 0.173700
0 0.770546 0.653267 0.048025 0.084867
0 0.769067 0.592083 0.049017 0.123033
0 0.827129 0.563800 0.096708 0.162500
0 0.761829 0.410500 0.060858 0.070400
0 0.751633 0.493067 0.062833 0.080267
0 0.753938 0.565433 0.047042 0.085533
0 0.817917 0.516750 0.096717 0.232900
0 0.573838 0.476950 0.171708 0.326967
