0 0.349942 0.634275 0.028417 0.125517
0 0.057642 0.602300 0.073817 0.085267
0 0.223033 0.652825 0.026450 0.058417
0 0.254221 0.650858 0.034342 0.086050
0 0.292312 0.637033 0.033158 0.120000
0 0.322108 0.638617 0.022500 0.115267
0 0.577900 0.729008 0.037500 0.163417
0 0.616979 0.747567 0.034342 0.159467
0 0.575337 0.649675 0.046575 0.284217
0 0.672833 0.529283 0.167367 0.062367
0 0.830742 0.573767 0.113683 0.652533
0 0.488021 0.560933 0.088425 0.534467
0 0.633675 0.373433 0.366317 0.170533
0 0.223146 0.545633 0.116442 0.253300
0 0.056967 0.553533 0.113933 0.145400
