0 0.184758 0.628392 0.041117 0.128950
0 0.015817 0.607342 0.031633 0.076317
0 0.014692 0.636950 0.027300 0.038167
0 0.073246 0.650108 0.037175 0.043417
0 0.061404 0.615242 0.037175 0.084217
0 0.116504 0.620500 0.034208 0.097367
0 0.134100 0.660967 0.034533 0.046700
0 0.229329 0.672808 0.051975 0.075650
0 0.326696 0.641883 0.046725 0.158567
0 0.435417 0.657017 0.034533 0.196700
0 0.526863 0.726100 0.086508 0.132233
0 0.597754 0.669517 0.054608 0.233567
0 0.760583 0.691225 0.078950 0.261183
0 0.931113 0.818858 0.137775 0.169083
