0 0.237588 0.277908 0.034542 0.040850
0 0.520317 0.564117 0.036183 0.055267
0 0.553871 0.562117 0.034875 0.042033
0 0.552392 0.504192 0.037167 0.043417
0 0.558146 0.452575 0.044742 0.049417
0 0.579692 0.397642 0.041117 0.045983
0 0.617192 0.334775 0.021383 0.044083
0 0.635450 0.298300 0.034867 0.039400
0 0.652721 0.308133 0.031908 0.039467
0 0.681992 0.301583 0.029933 0.047433
0 0.935288 0.510142 0.043092 0.042183
0 0.925417 0.458167 0.037167 0.061900
0 0.721963 0.293367 0.038158 0.042700
0 0.764725 0.294350 0.029600 0.057967
0 0.805517 0.297642 0.032233 0.054017
0 0.883804 0.348300 0.098025 0.139400
0 0.657321 0.270375 0.033225 0.030917
0 0.566208 0.356192 0.033883 0.042050
0 0.542850 0.391392 0.027967 0.047950
0 0.521138 0.505542 0.029275 0.046117
0 0.512587 0.449317 0.037825 0.050667
0 0.493017 0.396358 0.034867 0.055250
0 0.522950 0.390075 0.029600 0.057183
0 0.498771 0.350633 0.037175 0.042767
0 0.463246 0.342050 0.033225 0.046633
0 0.444496 0.302900 0.033875 0.052700
0 0.465546 0.296358 0.034542 0.043417
0 0.423771 0.304225 0.024675 0.040850
0 0.408475 0.268692 0.034867 0.040717
0 0.394987 0.294683 0.034208 0.053233
0 0.356171 0.289050 0.035525 0.052633
0 0.368342 0.258133 0.038817 0.038167
0 0.319825 0.255242 0.037833 0.036183
0 0.314071 0.276883 0.036842 0.051967
0 0.229200 0.249950 0.043417 0.042700
0 0.118342 0.446325 0.047367 0.059150
0 0.104033 0.498925 0.047700 0.057883
