0 0.164146 0.665742 0.026858 0.030150
0 0.217071 0.670592 0.069475 0.118417
0 0.806412 0.672175 0.054475 0.071050
0 0.855758 0.710067 0.047367 0.075800
0 0.720362 0.682825 0.102625 0.179217
0 0.870362 0.638225 0.059208 0.069483
0 0.854571 0.557300 0.050525 0.054467
0 0.812138 0.590067 0.054075 0.067900
0 0.789813 0.509425 0.061075 0.060917
0 0.836925 0.477700 0.063933 0.059000
0 0.807813 0.427408 0.047592 0.052350
0 0.775212 0.381408 0.043625 0.052983
0 0.756575 0.435825 0.057117 0.063450
0 0.701288 0.371325 0.047975 0.065250
0 0.715133 0.324725 0.042767 0.049883
0 0.684842 0.328292 0.040300 0.047150
0 0.653592 0.330758 0.041400 0.063050
0 0.616175 0.329933 0.041117 0.071267
0 0.640296 0.298133 0.042208 0.041667
0 0.569300 0.334050 0.055917 0.067433
0 0.583554 0.302250 0.042758 0.043300
0 0.529004 0.308825 0.049892 0.052083
0 0.514337 0.346650 0.053458 0.056467
0 0.492271 0.323083 0.032342 0.027967
0 0.460196 0.361733 0.074558 0.073467
0 0.468829 0.442050 0.026042 0.046600
0 0.359596 0.673683 0.044958 0.052633
0 0.354387 0.606800 0.032892 0.050433
0 0.364117 0.550325 0.034267 0.046050
0 0.382212 0.488650 0.041392 0.054267
0 0.411954 0.432458 0.033992 0.053717
0 0.080946 0.674508 0.035908 0.037817
0 0.083142 0.626258 0.038650 0.041117
0 0.088487 0.575000 0.033992 0.035100
0 0.096988 0.528950 0.034542 0.038367
0 0.183471 0.425608 0.032625 0.043317
0 0.171683 0.417933 0.111567 0.076200
0 0.265979 0.421217 0.057292 0.086067
0 0.316833 0.413267 0.030150 0.043867
0 0.348767 0.451650 0.038100 0.043867
0 0.306004 0.496050 0.040842 0.051533
0 0.317929 0.551150 0.040025 0.045500
0 0.323537 0.610908 0.037575 0.053183
0 0.323546 0.675050 0.043042 0.057567
0 0.166204 0.581308 0.026042 0.032350
0 0.177304 0.536900 0.025225 0.043300
0 0.195121 0.495775 0.030708 0.042217
0 0.161954 0.624617 0.029058 0.040033
