0 0.031646 0.877675 0.063292 0.244650
0 0.169871 0.642142 0.214108 0.311683
0 0.293737 0.795617 0.131208 0.222633
0 0.185742 0.820250 0.160583 0.213167
0 0.128425 0.889400 0.115100 0.175267
0 0.667192 0.462675 0.067433 0.076983
0 0.676075 0.612350 0.052967 0.092100
0 0.640383 0.614975 0.042100 0.096050
0 0.605846 0.611692 0.036842 0.068417
0 0.577883 0.613333 0.032900 0.069067
0 0.551238 0.609708 0.032892 0.076317
0 0.559458 0.509383 0.037500 0.065133
0 0.609300 0.492958 0.077300 0.079583
0 0.717688 0.801817 0.078292 0.094733
0 0.664563 0.781425 0.043092 0.082883
0 0.630021 0.781425 0.037825 0.063150
0 0.593508 0.769583 0.049017 0.077633
0 0.556333 0.754125 0.043750 0.091450
