0 0.118742 0.514533 0.085267 0.088667
0 0.200025 0.533283 0.063667 0.130733
0 0.227875 0.678800 0.070483 0.076167
0 0.110217 0.685058 0.118233 0.120517
0 0.368279 0.672550 0.100042 0.090933
0 0.309158 0.615708 0.102317 0.111417
0 0.340708 0.509983 0.082417 0.090933
0 0.420004 0.557733 0.073892 0.131867
0 0.476846 0.517375 0.055708 0.082983
0 0.485654 0.669142 0.072192 0.100050
0 0.635433 0.628208 0.254650 0.113683
0 0.573762 0.510550 0.094925 0.087533
0 0.667267 0.509417 0.093217 0.089800
0 0.765037 0.517375 0.089808 0.071617
0 0.846321 0.577625 0.072758 0.183017
0 0.893496 0.508842 0.046608 0.100050
0 0.791183 0.669142 0.071617 0.104583
0 0.930158 0.669142 0.086967 0.104583
