0 0.318400 0.468883 0.080917 0.082900
0 0.131692 0.474008 0.086450 0.096317
0 0.114517 0.620858 0.098683 0.101050
0 0.205308 0.485467 0.070267 0.135000
0 0.221887 0.626775 0.089208 0.082883
0 0.285833 0.558492 0.096317 0.083683
0 0.385704 0.521383 0.078158 0.157900
0 0.331233 0.622825 0.098683 0.076583
0 0.437017 0.472042 0.051317 0.068683
0 0.527613 0.467692 0.095925 0.088417
0 0.632808 0.471250 0.103417 0.075000
0 0.727154 0.472433 0.080525 0.075800
0 0.807679 0.540717 0.082108 0.182367
0 0.863338 0.467300 0.069475 0.097100
0 0.898075 0.614150 0.120000 0.079733
0 0.744321 0.625200 0.098292 0.095533
0 0.688667 0.557300 0.093550 0.092367
0 0.587021 0.589275 0.112108 0.142117
0 0.448267 0.630333 0.080133 0.094733
0 0.490508 0.571125 0.087233 0.096317
