0 0.081392 0.175292 0.133350 0.144883
0 0.223250 0.871700 0.104267 0.240367
0 0.369500 0.872250 0.215667 0.210733
0 0.504775 0.871150 0.061467 0.149267
0 0.615354 0.818467 0.054325 0.149267
0 0.852154 0.825600 0.060358 0.148167
0 0.894413 0.192308 0.125125 0.141583
0 0.271546 0.286150 0.152558 0.090000
0 0.443037 0.394258 0.083958 0.576217
0 0.200479 0.381633 0.083958 0.570733
0 0.337400 0.152792 0.307317 0.099883
0 0.575021 0.309200 0.111958 0.103167
0 0.608221 0.492500 0.072992 0.540000
0 0.854625 0.496883 0.067500 0.537800
0 0.733346 0.269133 0.310058 0.102067
