0 0.096404 0.629158 0.064025 0.070883
0 0.167479 0.604775 0.075842 0.089183
0 0.232646 0.641358 0.052208 0.061750
0 0.287521 0.616967 0.043825 0.060200
0 0.361267 0.551758 0.051833 0.062583
0 0.381467 0.617350 0.045733 0.054867
0 0.429292 0.629925 0.031633 0.043450
0 0.092250 0.719483 0.097567 0.099100
0 0.055663 0.804850 0.058692 0.096033
0 0.117400 0.785033 0.067833 0.091467
0 0.224642 0.741542 0.100233 0.120350
0 0.320300 0.812467 0.062883 0.085367
0 0.304862 0.762167 0.052592 0.070133
0 0.376892 0.741200 0.080033 0.084600
0 0.550483 0.570050 0.093367 0.099167
0 0.634512 0.590633 0.041925 0.161667
0 0.487408 0.656942 0.050300 0.085450
0 0.540229 0.724050 0.056025 0.096033
0 0.598346 0.738117 0.050308 0.145500
0 0.801471 0.540742 0.061742 0.116617
0 0.198887 0.930967 0.207442 0.138067
