0 0.043654 0.561417 0.087308 0.133533
0 0.118867 0.597092 0.063117 0.080483
0 0.189292 0.562792 0.062200 0.074083
0 0.274354 0.469042 0.069508 0.069517
0 0.307054 0.550442 0.061742 0.071350
0 0.361475 0.563250 0.040700 0.049400
0 0.509642 0.480017 0.123017 0.133533
0 0.600646 0.507050 0.045275 0.227833
0 0.106292 0.728883 0.159600 0.164633
0 0.163471 0.935742 0.326942 0.128517
0 0.207129 0.732500 0.055792 0.067600
0 0.244400 0.794192 0.078200 0.119817
0 0.301563 0.706383 0.091925 0.097867
0 0.440992 0.590367 0.078883 0.105933
0 0.493579 0.666967 0.081175 0.083833
0 0.568279 0.679925 0.058308 0.150917
