0 0.761854 0.756333 0.128042 0.123467
0 0.897679 0.824017 0.047558 0.114333
0 0.689833 0.584367 0.235500 0.361267
0 0.543946 0.625542 0.045275 0.103350
0 0.557433 0.733467 0.047567 0.096033
0 0.490208 0.853283 0.061283 0.110667
0 0.562237 0.851908 0.081858 0.117083
0 0.401508 0.851875 0.054500 0.092217
0 0.220029 0.864375 0.098325 0.189783
0 0.320258 0.842275 0.085367 0.095283
0 0.323688 0.928400 0.067075 0.084600
0 0.419729 0.564983 0.223325 0.289633
0 0.401813 0.757058 0.144058 0.111283
0 0.275900 0.741433 0.100983 0.130333
0 0.219308 0.602333 0.158533 0.254567
0 0.044575 0.710950 0.074317 0.078500
0 0.106121 0.692267 0.040392 0.050300
