0 0.932525 0.703325 0.056250 0.141850
0 0.981467 0.737575 0.037067 0.111583
0 0.867242 0.696317 0.059067 0.106067
0 0.696067 0.706475 0.107350 0.154350
0 0.779908 0.725850 0.042550 0.090200
0 0.622867 0.543558 0.145767 0.353150
0 0.549821 0.796667 0.068275 0.130200
0 0.533462 0.561342 0.036842 0.099083
0 0.533783 0.664233 0.040017 0.118133
0 0.492338 0.791908 0.037158 0.110517
0 0.363404 0.865267 0.072092 0.196267
0 0.247958 0.857958 0.116233 0.200717
0 0.053758 0.678525 0.084800 0.108617
0 0.086150 0.598183 0.035250 0.082567
0 0.116004 0.646767 0.032075 0.045100
0 0.100762 0.423192 0.038425 0.089550
0 0.209375 0.528633 0.127350 0.198800
0 0.230017 0.641683 0.058117 0.104800
0 0.289883 0.519425 0.041283 0.236283
0 0.349742 0.498783 0.086700 0.277567
0 0.452008 0.505442 0.133700 0.273117
0 0.306871 0.704250 0.081625 0.125767
0 0.228904 0.734742 0.089558 0.083850
0 0.430408 0.727442 0.166733 0.146717
0 0.412150 0.797617 0.044467 0.080033
0 0.792329 0.609167 0.083842 0.135300
