0 0.167250 0.388558 0.316000 0.178350
0 0.078071 0.714625 0.091008 0.503050
0 0.263971 0.815233 0.055792 0.071333
0 0.333029 0.910350 0.079575 0.137200
0 0.371671 0.843133 0.077292 0.139933
0 0.630513 0.820808 0.436742 0.093283
0 0.539279 0.886208 0.064942 0.090550
0 0.421517 0.879342 0.039783 0.065850
0 0.640575 0.909075 0.072717 0.103350
0 0.743925 0.902217 0.056250 0.062200
0 0.805433 0.901208 0.043900 0.117083
0 0.941254 0.899500 0.088658 0.142900
0 0.925483 0.778650 0.082700 0.112033
0 0.776354 0.636292 0.163875 0.261683
0 0.603904 0.725842 0.182925 0.121950
0 0.414471 0.728708 0.130525 0.108617
0 0.462425 0.566108 0.052400 0.259783
0 0.541338 0.572458 0.037475 0.222950
0 0.651542 0.548950 0.047633 0.220400
0 0.597554 0.449875 0.128308 0.073050
0 0.402242 0.443200 0.088283 0.062233
0 0.400813 0.610883 0.047325 0.059700
0 0.599933 0.608667 0.039700 0.059067
