0 0.691471 0.783133 0.228292 0.240367
0 0.824608 0.648675 0.350783 0.226083
0 0.810888 0.505442 0.378225 0.262317
0 0.800188 0.208000 0.399625 0.416000
0 0.422846 0.836358 0.094942 0.142683
0 0.357267 0.799583 0.043900 0.148167
0 0.035125 0.332575 0.070250 0.572917
0 0.095496 0.273300 0.102075 0.546600
0 0.165192 0.286475 0.096583 0.572950
0 0.221988 0.287017 0.086158 0.574033
0 0.291137 0.268908 0.078475 0.537817
0 0.458513 0.082333 0.259575 0.158033
0 0.474154 0.237092 0.351225 0.342450
0 0.466475 0.497758 0.322683 0.304017
0 0.439583 0.627825 0.106467 0.219517
