0 0.758058 0.611817 0.083233 0.150900
0 0.782067 0.709233 0.060817 0.120733
0 0.816596 0.770050 0.071342 0.107000
0 0.844492 0.872025 0.087800 0.140850
0 0.217737 0.856025 0.054425 0.132617
0 0.251350 0.780567 0.128967 0.107933
0 0.267358 0.710142 0.095117 0.087817
0 0.315146 0.667608 0.097408 0.079583
0 0.342583 0.613192 0.100150 0.095117
0 0.455542 0.585292 0.071800 0.117983
0 0.604629 0.533167 0.050758 0.172867
0 0.410958 0.476342 0.068600 0.095283
0 0.538821 0.410800 0.035442 0.080033
0 0.568546 0.420325 0.033158 0.047250
0 0.378950 0.575050 0.084600 0.147867
0 0.697167 0.560942 0.070883 0.093750
0 0.358179 0.399742 0.115475 0.237817
