0 0.224733 0.367808 0.096583 0.075717
0 0.749642 0.618600 0.162983 0.313900
0 0.287021 0.691042 0.051042 0.131717
0 0.325437 0.633425 0.064208 0.141583
0 0.187417 0.796558 0.118533 0.217317
0 0.291413 0.524208 0.069692 0.114150
0 0.293608 0.432567 0.044450 0.062567
0 0.331471 0.433658 0.041158 0.066950
0 0.371442 0.460183 0.047633 0.119667
0 0.342858 0.356142 0.073550 0.097550
0 0.384587 0.338992 0.035825 0.083083
0 0.470333 0.335567 0.079267 0.266767
0 0.406883 0.285258 0.056783 0.129583
0 0.640875 0.248675 0.046117 0.190550
0 0.685463 0.363767 0.041542 0.086900
0 0.695567 0.436175 0.068600 0.071650
0 0.759017 0.429317 0.037733 0.074700
0 0.352325 0.554950 0.071883 0.105367
0 0.804467 0.871608 0.158050 0.256783
0 0.234338 0.524208 0.074092 0.125117
