0 0.842596 0.604267 0.118542 0.766533
0 0.535071 0.608067 0.086708 0.550967
0 0.689004 0.293058 0.356158 0.158050
0 0.031125 0.609992 0.062250 0.282617
0 0.040758 0.702825 0.065850 0.146350
0 0.095908 0.649775 0.073633 0.241450
0 0.169538 0.715167 0.050758 0.130800
0 0.216867 0.717917 0.052133 0.132633
0 0.343546 0.639708 0.080492 0.155483
0 0.437067 0.671725 0.080950 0.170117
0 0.329367 0.338467 0.036200 0.062500
0 0.356425 0.367050 0.037733 0.051067
0 0.327654 0.435642 0.040392 0.072417
0 0.355854 0.482133 0.036592 0.057167
0 0.220183 0.538917 0.150150 0.096033
0 0.316408 0.558733 0.065167 0.077733
0 0.178838 0.418875 0.092608 0.144050
0 0.491142 0.401342 0.062500 0.089183
