0 0.037271 0.672358 0.057292 0.289750
0 0.062296 0.751392 0.065192 0.163317
0 0.112671 0.690142 0.082975 0.235750
0 0.181488 0.761267 0.050708 0.133033
0 0.228904 0.767192 0.062558 0.136983
0 0.183796 0.514317 0.075075 0.234433
0 0.239771 0.577533 0.097458 0.089567
0 0.319783 0.601242 0.066517 0.073750
0 0.327025 0.460967 0.037533 0.064533
0 0.355675 0.514975 0.039517 0.075083
0 0.340858 0.368117 0.069150 0.108000
0 0.462029 0.581483 0.150808 0.092200
0 0.350737 0.678950 0.104708 0.181767
0 0.438650 0.690142 0.094833 0.180450
0 0.541054 0.582800 0.107342 0.727033
0 0.925638 0.552350 0.148175 0.895300
0 0.728075 0.209408 0.476117 0.241017
