0 0.292096 0.493650 0.039258 0.114333
0 0.249221 0.556525 0.030492 0.075450
0 0.280283 0.599975 0.033150 0.066317
0 0.301625 0.657142 0.042300 0.070883
0 0.240650 0.643825 0.029350 0.085317
0 0.270371 0.731450 0.030108 0.100600
0 0.390421 0.718108 0.035442 0.101383
0 0.395946 0.513842 0.032775 0.084617
0 0.398229 0.610642 0.026675 0.099850
0 0.415575 0.580917 0.028583 0.046500
0 0.437675 0.684575 0.052217 0.166917
0 0.458829 0.867875 0.026675 0.065550
0 0.489317 0.865975 0.034300 0.066317
0 0.702950 0.772575 0.075400 0.391683
0 0.639525 0.794658 0.037933 0.088650
0 0.617363 0.781200 0.058442 0.324633
0 0.521400 0.518975 0.034300 0.076217
