0 0.108921 0.286067 0.217842 0.572133
0 0.911096 0.323692 0.177808 0.395117
0 0.215771 0.679592 0.070425 0.137183
0 0.281167 0.747275 0.054883 0.124383
0 0.315237 0.669992 0.051675 0.134450
0 0.368742 0.581267 0.110217 0.273467
0 0.411958 0.691025 0.045733 0.121650
0 0.454263 0.611450 0.048025 0.116167
0 0.512112 0.625167 0.051225 0.097867
0 0.660283 0.659017 0.092383 0.249700
0 0.698225 0.540700 0.080667 0.183567
0 0.765396 0.603267 0.051125 0.221033
0 0.813983 0.503858 0.046050 0.108617
0 0.702512 0.327925 0.071458 0.203883
0 0.540192 0.295158 0.137200 0.590317
