0 0.111704 0.250125 0.223408 0.500250
0 0.201046 0.589408 0.077742 0.129883
0 0.276271 0.662575 0.067225 0.115250
0 0.311492 0.581175 0.063567 0.129883
0 0.361108 0.537733 0.134450 0.304567
0 0.434963 0.615475 0.047108 0.105183
0 0.458971 0.538650 0.047558 0.101533
0 0.514537 0.545958 0.047108 0.074083
0 0.663392 0.575692 0.097867 0.230483
0 0.907613 0.267458 0.184775 0.376817
0 0.550896 0.227933 0.147258 0.455867
0 0.706837 0.276142 0.068592 0.167383
0 0.705008 0.449925 0.085067 0.138117
0 0.755083 0.537275 0.039783 0.197550
0 0.810196 0.450383 0.048475 0.093300
