0 0.199171 0.935050 0.108842 0.127133
0 0.119363 0.971867 0.072725 0.056267
0 0.293838 0.876058 0.146342 0.100617
0 0.349400 0.926817 0.085517 0.138100
0 0.422112 0.889317 0.071792 0.107000
0 0.712508 0.909892 0.085517 0.142683
0 0.873292 0.916292 0.253417 0.157317
0 0.415362 0.573375 0.142875 0.133383
0 0.437296 0.695700 0.092992 0.199700
0 0.795717 0.432367 0.214550 0.767533
0 0.773758 0.598850 0.063783 0.106400
0 0.765554 0.418625 0.105442 0.088917
0 0.839075 0.452292 0.050500 0.086383
0 0.856858 0.342717 0.053033 0.089567
0 0.766350 0.297625 0.058750 0.087017
0 0.761267 0.204258 0.037150 0.075583
0 0.231275 0.430542 0.192067 0.845117
0 0.237813 0.791775 0.064842 0.093683
0 0.190704 0.687508 0.069075 0.075683
0 0.265208 0.631933 0.054517 0.083100
0 0.266396 0.524750 0.066425 0.100567
0 0.181312 0.536392 0.047642 0.076217
0 0.258058 0.444558 0.050817 0.077817
0 0.285454 0.238658 0.053192 0.084150
0 0.194546 0.310650 0.066692 0.070400
