0 0.813400 0.880125 0.373200 0.179117
0 0.706046 0.557742 0.049625 0.080717
0 0.778492 0.559508 0.066167 0.122183
0 0.708029 0.404917 0.090642 0.095267
0 0.763271 0.424100 0.051608 0.080733
0 0.792717 0.316033 0.048300 0.073667
0 0.704058 0.279650 0.052267 0.085567
0 0.701300 0.194300 0.027783 0.045433
0 0.053979 0.932592 0.082892 0.118150
0 0.108767 0.946925 0.076217 0.106150
0 0.167992 0.868125 0.099400 0.112417
0 0.297883 0.846850 0.220083 0.125767
0 0.220392 0.738550 0.057483 0.081933
0 0.253421 0.690600 0.056208 0.102900
0 0.184029 0.641692 0.053358 0.077483
0 0.244533 0.590242 0.052400 0.074950
0 0.246438 0.502908 0.079075 0.112417
0 0.176567 0.509258 0.046050 0.078117
0 0.240400 0.424142 0.046683 0.076850
0 0.265650 0.235817 0.051450 0.068600
0 0.189587 0.304100 0.061292 0.073033
0 0.399192 0.542925 0.121000 0.134017
0 0.409517 0.644858 0.058433 0.097817
0 0.391412 0.732200 0.112425 0.093367
0 0.241017 0.462825 0.134300 0.628317
