0 0.658546 0.651242 0.128958 0.175617
0 0.830954 0.670450 0.175608 0.301833
0 0.659233 0.302767 0.190700 0.225000
0 0.780650 0.343008 0.128967 0.184750
0 0.868683 0.067692 0.144050 0.135383
0 0.658554 0.062208 0.130775 0.124417
0 0.167158 0.185233 0.069967 0.099700
0 0.120971 0.284008 0.062658 0.075917
0 0.136063 0.412975 0.058075 0.094217
0 0.136288 0.522275 0.093292 0.135350
0 0.092842 0.934458 0.185683 0.131083
0 0.136746 0.883100 0.107008 0.118000
0 0.134917 0.635225 0.087800 0.119817
0 0.143150 0.771058 0.065850 0.160983
0 0.367971 0.689292 0.097558 0.105183
0 0.285846 0.839458 0.069742 0.138717
0 0.388358 0.823442 0.076600 0.099083
0 0.450100 0.783425 0.092600 0.076983
0 0.492633 0.536867 0.082317 0.141767
0 0.519687 0.688917 0.069358 0.157767
0 0.313325 0.560867 0.105567 0.157767
0 0.407263 0.562017 0.098325 0.160067
0 0.260354 0.677867 0.058308 0.239333
0 0.179737 0.295967 0.131158 0.591933
0 0.777354 0.460050 0.282625 0.920100
