0 0.832658 0.279708 0.086383 0.124483
0 0.806921 0.192375 0.078092 0.074317
0 0.775954 0.273992 0.054275 0.074950
0 0.771492 0.332425 0.079083 0.083850
0 0.799629 0.435642 0.125758 0.154350
0 0.786929 0.660167 0.048908 0.116867
0 0.841075 0.653508 0.056217 0.122583
0 0.928567 0.666525 0.104167 0.163883
0 0.920142 0.487725 0.159717 0.247083
0 0.754533 0.596658 0.170217 0.217217
0 0.497971 0.288783 0.266708 0.507067
0 0.192846 0.221833 0.349025 0.245867
0 0.413325 0.389225 0.053733 0.266017
0 0.456771 0.494025 0.044592 0.109750
0 0.358637 0.481067 0.047258 0.115867
0 0.208104 0.446008 0.035825 0.091450
0 0.171325 0.393792 0.040017 0.208083
0 0.137600 0.431150 0.077750 0.130333
0 0.092629 0.386175 0.033542 0.154717
0 0.304142 0.426567 0.051067 0.198933
0 0.250346 0.479100 0.064942 0.070433
