0 0.872896 0.393658 0.054942 0.062883
0 0.861942 0.436208 0.035567 0.040017
0 0.894329 0.462250 0.043192 0.070500
0 0.943396 0.596275 0.101308 0.207683
0 0.888300 0.664875 0.034300 0.100983
0 0.800488 0.632158 0.064475 0.111783
0 0.828117 0.666458 0.028900 0.059717
0 0.850508 0.499733 0.033033 0.042567
0 0.874804 0.534658 0.060658 0.074317
0 0.865433 0.595008 0.076217 0.088283
0 0.154904 0.570633 0.035442 0.147867
0 0.127083 0.610258 0.019433 0.041150
0 0.187867 0.600392 0.030483 0.079350
0 0.223496 0.578633 0.035442 0.131867
0 0.260083 0.548175 0.051450 0.203583
0 0.309625 0.610642 0.031633 0.087650
0 0.364317 0.628208 0.080033 0.052517
0 0.409858 0.569142 0.053733 0.215017
0 0.456158 0.538275 0.036583 0.203583
0 0.495229 0.575542 0.030875 0.151750
0 0.528379 0.573292 0.033158 0.166917
0 0.564562 0.575200 0.051492 0.143300
0 0.606675 0.572908 0.041117 0.144817
0 0.650587 0.576567 0.037858 0.147067
0 0.394792 0.384708 0.754683 0.250250
0 0.695412 0.467692 0.108658 0.374050
0 0.068483 0.483492 0.075733 0.376683
