0 0.261733 0.791083 0.122100 0.161900
0 0.677367 0.421067 0.286467 0.208100
0 0.199600 0.424358 0.329267 0.169917
0 0.054567 0.685442 0.072717 0.095117
0 0.079950 0.572033 0.043900 0.120733
0 0.123163 0.561967 0.053508 0.107933
0 0.126825 0.667150 0.031550 0.137200
0 0.171642 0.690025 0.065400 0.082317
0 0.244125 0.668525 0.049383 0.083217
0 0.292600 0.669433 0.035667 0.083233
0 0.332846 0.692767 0.034758 0.106100
0 0.248012 0.563342 0.201675 0.117983
0 0.625071 0.790175 0.106092 0.165550
0 0.550300 0.659375 0.043450 0.152750
0 0.578654 0.609992 0.031558 0.061283
0 0.612037 0.645200 0.044358 0.093300
0 0.543667 0.554650 0.043900 0.087800
0 0.577050 0.527208 0.036583 0.082317
0 0.634900 0.548708 0.034300 0.085050
0 0.675833 0.579350 0.039333 0.170133
0 0.939704 0.835900 0.053042 0.141767
0 0.891000 0.664408 0.051683 0.168283
0 0.844354 0.600842 0.066308 0.085050
0 0.923700 0.529958 0.120733 0.223183
