0 0.206758 0.699492 0.042233 0.089250
0 0.336442 0.693917 0.221917 0.100400
0 0.128871 0.800292 0.089642 0.121917
0 0.204171 0.804667 0.056175 0.116333
0 0.261779 0.806667 0.062158 0.117133
0 0.311979 0.802283 0.040642 0.111567
0 0.351621 0.807858 0.042625 0.109950
0 0.384288 0.804675 0.044225 0.117917
0 0.423512 0.805875 0.046175 0.120317
0 0.705762 0.412942 0.383808 0.159483
0 0.967767 0.714708 0.064467 0.196217
0 0.300729 0.441625 0.402175 0.148017
0 0.479208 0.712408 0.099250 0.239817
0 0.116321 0.670808 0.143425 0.141817
