0 0.295154 0.776492 0.051792 0.088983
0 0.750208 0.730992 0.044267 0.125883
0 0.663317 0.783000 0.058767 0.127500
0 0.670425 0.367275 0.353983 0.161783
0 0.261375 0.374725 0.432000 0.153750
0 0.400396 0.603183 0.110892 0.207167
0 0.402392 0.771517 0.084333 0.101600
0 0.344125 0.772175 0.059433 0.102917
0 0.264442 0.765200 0.049467 0.107567
0 0.220121 0.787783 0.051125 0.071700
0 0.190738 0.780483 0.045492 0.082333
0 0.137617 0.778483 0.050800 0.108900
0 0.067896 0.606508 0.124508 0.207183
0 0.159200 0.643692 0.070717 0.135450
0 0.209829 0.638375 0.057108 0.155383
0 0.259625 0.633067 0.053783 0.142100
0 0.339642 0.649667 0.098267 0.130133
