0 0.843596 0.696050 0.057275 0.106233
0 0.871542 0.426008 0.054500 0.123950
0 0.761150 0.531425 0.053400 0.042617
0 0.765850 0.610008 0.045650 0.121183
0 0.819942 0.507083 0.043167 0.101267
0 0.343183 0.921725 0.134817 0.156550
0 0.317367 0.448733 0.145150 0.337333
0 0.411167 0.661583 0.125067 0.258167
0 0.406292 0.402842 0.107283 0.229483
0 0.418342 0.199750 0.121050 0.195067
0 0.663600 0.250808 0.067700 0.134250
0 0.676221 0.371283 0.092942 0.154900
0 0.661879 0.473400 0.061958 0.125067
0 0.694004 0.644367 0.091792 0.347667
0 0.752808 0.738458 0.060233 0.088350
0 0.930196 0.515375 0.049525 0.071383
0 0.883437 0.574308 0.060592 0.102917
0 0.804725 0.564075 0.043717 0.091317
0 0.511604 0.882950 0.105658 0.234100
0 0.572079 0.927008 0.043025 0.144383
0 0.551046 0.759208 0.186458 0.244783
0 0.438933 0.890775 0.106617 0.197917
