0 0.319983 0.691700 0.142950 0.174967
0 0.869904 0.888992 0.151458 0.177850
0 0.878508 0.701967 0.189317 0.244400
0 0.700083 0.366358 0.118183 0.302917
0 0.788150 0.630825 0.166950 0.235217
0 0.723321 0.866625 0.117608 0.238650
0 0.756596 0.827033 0.132525 0.214567
0 0.659062 0.762783 0.132525 0.161800
0 0.657058 0.660667 0.083767 0.127367
0 0.274167 0.826467 0.160067 0.190467
0 0.100067 0.837992 0.104700 0.249550
0 0.168908 0.831300 0.047333 0.243833
0 0.052304 0.761017 0.104608 0.413067
0 0.173692 0.630025 0.155383 0.269650
