0 0.767267 0.438108 0.059100 0.121517
0 0.518725 0.248217 0.834400 0.239567
0 0.110504 0.555350 0.081275 0.529867
0 0.272021 0.864983 0.081342 0.140000
0 0.327079 0.790833 0.079675 0.114533
0 0.385733 0.735775 0.063083 0.106250
0 0.404825 0.889467 0.049800 0.221067
0 0.351700 0.910217 0.049800 0.179567
0 0.816400 0.790700 0.063750 0.117533
0 0.721946 0.719983 0.066075 0.207167
0 0.617608 0.435200 0.062250 0.106233
0 0.571133 0.569117 0.081067 0.077467
0 0.628958 0.591242 0.045650 0.069717
0 0.407479 0.636892 0.043158 0.144417
0 0.424079 0.660142 0.019925 0.054783
0 0.327800 0.447683 0.046483 0.126667
0 0.337621 0.528217 0.035142 0.075267
0 0.337896 0.574700 0.030708 0.080800
0 0.352146 0.617025 0.025458 0.066950
0 0.234679 0.570983 0.039425 0.085767
0 0.760954 0.526433 0.059758 0.073700
0 0.831342 0.544358 0.070383 0.169317
0 0.737550 0.591175 0.110550 0.087650
0 0.717796 0.439108 0.041175 0.079683
0 0.687417 0.412217 0.020250 0.109567
0 0.710492 0.509167 0.065733 0.100267
0 0.655879 0.701400 0.068058 0.175300
0 0.592467 0.692100 0.058767 0.203200
0 0.529217 0.669517 0.057767 0.191233
0 0.465471 0.649933 0.059758 0.150733
0 0.543742 0.503867 0.045650 0.083000
0 0.584692 0.507967 0.031817 0.061433
0 0.621758 0.518208 0.037350 0.069717
