0 0.114675 0.758083 0.112450 0.266200
0 0.703871 0.760375 0.095242 0.254717
0 0.888892 0.760950 0.107283 0.253567
0 0.983600 0.751200 0.032800 0.236367
0 0.281338 0.759800 0.098108 0.235233
0 0.038233 0.431600 0.063750 0.083667
0 0.115125 0.424833 0.071717 0.070133
0 0.190621 0.432008 0.076892 0.079683
0 0.246400 0.412517 0.051400 0.104300
0 0.310746 0.417700 0.068525 0.085967
0 0.382258 0.363875 0.071317 0.082083
0 0.445004 0.362675 0.063742 0.070117
0 0.493217 0.363083 0.037450 0.083667
0 0.533454 0.357500 0.043025 0.083667
0 0.572296 0.360292 0.037058 0.079683
0 0.619504 0.364675 0.056575 0.088450
0 0.675088 0.367067 0.064142 0.074100
0 0.743413 0.363550 0.084458 0.082867
0 0.826679 0.360692 0.062158 0.088450
0 0.893812 0.364750 0.080875 0.090033
0 0.970708 0.426908 0.058583 0.077283
