0 0.630046 0.397275 0.064742 0.048483
0 0.710554 0.397925 0.097608 0.043183
0 0.116992 0.294792 0.104700 0.196983
0 0.286950 0.743717 0.120483 0.310767
0 0.450933 0.697825 0.106133 0.232350
0 0.570217 0.635192 0.076017 0.198883
0 0.656271 0.605067 0.070275 0.176900
0 0.096863 0.622758 0.193725 0.332750
0 0.717467 0.576867 0.055933 0.149167
0 0.766471 0.567775 0.045892 0.132917
0 0.892167 0.511492 0.121517 0.122850
0 0.827921 0.371042 0.088642 0.054450
0 0.893992 0.391967 0.064083 0.048467
0 0.238613 0.371050 0.075358 0.091633
0 0.319292 0.385000 0.074033 0.083667
0 0.399967 0.378350 0.063417 0.075700
0 0.466204 0.389308 0.064408 0.069717
0 0.528954 0.386317 0.052458 0.059767
0 0.575929 0.391633 0.046142 0.055767
