0 0.858750 0.662517 0.033467 0.059767
0 0.040613 0.704225 0.081225 0.301183
0 0.140988 0.689408 0.035375 0.101350
0 0.300192 0.692267 0.049717 0.118567
0 0.187362 0.503908 0.266775 0.246683
0 0.530150 0.483350 0.051633 0.100400
0 0.640350 0.494817 0.047333 0.100400
0 0.729279 0.508208 0.038725 0.088917
0 0.842342 0.516808 0.043983 0.083183
0 0.896129 0.533075 0.056892 0.098483
0 0.955888 0.527333 0.044458 0.073633
0 0.484250 0.679658 0.050200 0.071717
0 0.550383 0.674475 0.052583 0.072517
0 0.611142 0.677658 0.050600 0.051783
0 0.676083 0.671683 0.046617 0.065333
0 0.721900 0.669292 0.041833 0.054183
0 0.765321 0.664517 0.035458 0.065333
0 0.816721 0.668100 0.047408 0.058167
0 0.889029 0.662917 0.021508 0.049400
0 0.954075 0.656950 0.091850 0.083667
0 0.523492 0.574075 0.029883 0.083650
0 0.578871 0.606350 0.049008 0.057367
0 0.647196 0.578458 0.027092 0.089250
