0 0.144108 0.349375 0.126217 0.284550
0 0.103688 0.076292 0.078658 0.082617
0 0.211233 0.115875 0.080317 0.086050
0 0.305892 0.166933 0.060817 0.084900
0 0.386213 0.201358 0.048192 0.064250
0 0.455054 0.236925 0.041308 0.061950
0 0.081283 0.222008 0.114167 0.410783
0 0.056904 0.683275 0.096375 0.316683
0 0.189717 0.566225 0.057950 0.213417
0 0.461654 0.615000 0.489375 0.143433
0 0.711817 0.761867 0.494017 0.223733
0 0.831408 0.662042 0.244400 0.072283
0 0.882208 0.601225 0.160117 0.145717
0 0.543404 0.563367 0.040158 0.076867
0 0.684542 0.571392 0.066550 0.148017
