0 0.076475 0.712500 0.152950 0.300167
0 0.109238 0.777908 0.054392 0.185883
0 0.224208 0.649167 0.134250 0.327700
0 0.087492 0.550033 0.174983 0.121167
0 0.368096 0.607858 0.270558 0.324950
0 0.738604 0.523183 0.522792 0.386900
0 0.590575 0.843983 0.141350 0.216300
0 0.721963 0.807683 0.098008 0.174967
0 0.810171 0.787125 0.084142 0.149150
0 0.882121 0.764175 0.073142 0.126217
0 0.929454 0.748875 0.061675 0.131950
0 0.978217 0.739317 0.041600 0.105167
0 0.620125 0.670950 0.045417 0.111867
0 0.724829 0.670467 0.033942 0.093700
0 0.803475 0.675725 0.022950 0.071717
