0 0.162754 0.347075 0.145142 0.216850
0 0.600775 0.344783 0.131950 0.249000
0 0.766288 0.461250 0.118758 0.220300
0 0.681096 0.616717 0.089492 0.276533
0 0.568075 0.599508 0.102117 0.274217
0 0.481158 0.608117 0.086633 0.222600
0 0.164475 0.463542 0.045317 0.071150
0 0.209221 0.459525 0.044175 0.079183
0 0.178817 0.545000 0.104983 0.089500
0 0.125750 0.687283 0.050483 0.100967
0 0.179962 0.683842 0.079742 0.112450
0 0.469950 0.298742 0.066733 0.061750
0 0.480746 0.382067 0.064408 0.057100
0 0.460158 0.452458 0.049800 0.059750
0 0.509463 0.458100 0.030875 0.059100
