0 0.480713 0.633692 0.043158 0.071383
0 0.559567 0.601867 0.051467 0.108467
0 0.606046 0.589700 0.053125 0.092967
0 0.531900 0.551242 0.062533 0.066950
0 0.476704 0.503375 0.047858 0.053117
0 0.533008 0.425350 0.049800 0.059767
0 0.540200 0.357008 0.047583 0.076917
0 0.470617 0.379425 0.040667 0.045383
0 0.343071 0.486767 0.076642 0.066400
0 0.797087 0.356183 0.050625 0.097400
0 0.876908 0.392425 0.055883 0.114550
0 0.823650 0.441950 0.061700 0.066400
0 0.874417 0.498117 0.054783 0.062533
0 0.797225 0.545700 0.044817 0.059200
0 0.859342 0.646967 0.056167 0.072500
0 0.909417 0.689025 0.063917 0.054783
