0 0.441917 0.257008 0.374633 0.366017
0 0.496992 0.475017 0.684433 0.079167
0 0.851542 0.547300 0.055650 0.271933
0 0.689187 0.621883 0.060242 0.239800
0 0.803067 0.623608 0.072283 0.257017
0 0.194650 0.626475 0.060233 0.251283
0 0.288738 0.621883 0.065975 0.274233
0 0.390571 0.615000 0.075725 0.274233
0 0.490108 0.615575 0.064833 0.259317
0 0.592804 0.602950 0.067125 0.254733
0 0.542600 0.689000 0.111300 0.220300
0 0.694346 0.876033 0.125642 0.158333
0 0.368483 0.846208 0.147450 0.169817
0 0.215304 0.677525 0.064825 0.229483
0 0.502158 0.809483 0.617883 0.179000
